1 threshold 0 0  	
1 threshold 0 0  	
1 threshold 0 0  	
1 threshold 0 0  	
1 gaussian 999999 1  	
1 gaussian 7 2  	
1 linear 3 2  	
1 threshold 9 2  	
1 tanh 5 2  	
1 threshold 8 2  	
1 sin 6 2  	
1 tanh 2 2  	
1 sin 1 2  	
1 threshold 6 2  	
1 sin 4 2  	
1 threshold 4 2  	
1 linear 1 2  	
1 tanh 10 2  	
1 linear 5 2  	
1 gaussian 7 2  	
1 linear 1 2  	
0 0 3 4 0 -3.55593 0 	
0 2 2 4 0 -0.339213 2 	
0 4 1 5 1 -1.12183 4 	
0 5 5 4 0 3.16878 5 	
0 6 3 5 0 -9.03337 6 	
0 9 3 6 0 1.39668 9 	
0 10 6 5 0 0.379269 10 	
0 15 6 7 0 0.567415 15 	
0 16 7 4 0 2.82092 16 	
0 17 5 7 1 0.750069 17 	
0 19 0 6 1 -0.483322 19 	
0 22 6 8 0 -0.750755 22 	
0 23 8 5 0 -2.63144 23 	
0 27 8 4 1 0.205359 27 	
0 28 1 7 0 0.365719 28 	
0 40 9 7 1 1.24836 40 	
0 41 6 9 0 -0.743614 41 	
0 52 6 10 0 -0.58591 52 	
0 53 10 9 0 0.152257 53 	
0 69 3 11 0 -0.633106 69 	
0 70 11 6 1 -1.49107 70 	
0 71 3 12 1 -0.462172 71 	
0 72 12 11 1 1.40666 72 	
0 78 8 13 1 0.159719 78 	
0 79 13 5 1 1.3406 79 	
0 93 6 14 1 -2.00827 93 	
0 94 14 8 1 -1.3975 94 	
0 98 12 6 1 -1.30709 98 	
0 114 6 15 1 -1.02327 114 	
0 115 15 10 0 -0.373455 115 	
0 121 1 16 1 -0.660161 121 	
0 122 16 7 1 3.14859 122 	
0 128 7 17 1 -3.59594 128 	
0 129 17 4 1 -2.5126 129 	
0 136 15 18 1 2.03015 136 	
0 137 18 10 1 0.701178 137 	
0 140 11 15 1 0.0644092 140 	
0 163 15 13 1 -0.921094 163 	
0 206 10 19 1 1.18679 206 	
0 207 19 9 1 -0.514908 207 	
0 212 16 19 1 -0.504379 212 	
0 220 20 4 1 -2.70267 220 	
0 225 2 20 1 0.473067 225 	
