1 threshold 0 0  	
1 threshold 0 0  	
1 threshold 0 0  	
1 sin 999999 1  	
1 threshold 999999 1  	
1 tanh 999999 1  	
1 linear 5 2  	
1 threshold 2 2  	
1 tanh 1 2  	
1 linear 1 2  	
1 sin 1 2  	
1 sin 2 2  	
1 gaussian 3 2  	
1 sin 3 2  	
1 threshold 6 2  	
1 linear 4 2  	
1 sin 3 2  	
1 sin 2 2  	
1 gaussian 4 2  	
0 1 0 5 1 -1.1113 1 	
0 2 2 4 0 8.22402 2 	
0 3 0 3 0 -2.30839 3 	
0 4 1 3 0 -0.289682 4 	
0 8 2 3 1 -2.05029 8 	
0 9 1 6 0 -0.664739 9 	
0 10 6 5 1 -2.22654 10 	
0 11 2 6 1 3.82707 11 	
0 12 6 3 1 0.8108 12 	
0 13 0 6 1 -1.44053 13 	
0 14 6 4 0 -2.27914 14 	
0 17 0 7 1 5.12482 17 	
0 19 1 7 0 6.03937 19 	
0 24 1 8 1 -2.50537 24 	
0 25 8 6 0 -1.06003 25 	
0 30 7 3 0 6.46016 30 	
0 31 8 4 1 -0.49527 31 	
0 33 9 3 0 0.962844 33 	
0 34 0 9 1 -2.61666 34 	
0 43 8 7 1 0.2228 43 	
0 54 10 6 1 -0.561418 54 	
0 55 1 10 0 -0.533036 55 	
0 64 11 3 0 1.37512 64 	
0 71 12 3 1 -0.48117 71 	
0 78 11 12 1 -2.0502 78 	
0 88 9 11 1 -2.02713 88 	
0 90 11 13 1 0.606174 90 	
0 94 8 13 0 0.406278 94 	
0 95 13 6 0 -2.66482 95 	
0 101 7 13 1 1.05902 101 	
0 105 6 14 1 1.55251 105 	
0 106 14 4 1 -2.38264 106 	
0 127 7 15 0 -1.61577 127 	
0 128 15 3 1 -3.56316 128 	
0 158 7 16 1 0.790399 158 	
0 159 16 15 1 0.532212 159 	
0 167 8 17 1 -0.988342 167 	
0 170 17 13 1 0.0601978 170 	
0 188 13 18 1 -0.510422 188 	
0 189 18 6 1 1.17727 189 	
