1 threshold 0 0  	
1 threshold 0 0  	
1 sin 999999 1  	
1 linear 1 2  	
1 gaussian 2 2  	
1 gaussian 4 2  	
1 threshold 3 2  	
1 tanh 1 2  	
1 linear 5 2  	
0 0 1 2 0 3.7176 0 	
0 1 0 2 0 2.02894 1 	
0 2 0 3 1 4.22396 2 	
0 3 3 2 1 1.9485 3 	
0 4 1 3 1 5.68481 4 	
0 6 4 2 0 -1.08411 6 	
0 7 1 4 0 -0.580615 7 	
0 10 5 2 0 0.432401 10 	
0 11 0 5 1 -0.0796686 11 	
0 13 4 5 0 3.03299 13 	
0 23 6 5 1 2.01091 23 	
0 26 1 7 1 2.42882 26 	
0 32 7 4 1 -0.057146 32 	
0 35 4 6 1 1.41635 35 	
0 45 8 2 1 1 45 	
0 80 5 8 1 1 80 	
